1 2 104
1 2 118
1 2 119
1 2 257
1 2 260
1 2 261
1 2 265
1 2 266
1 2 383
1 3 0
1 3 93
1 3 105
1 3 106
1 3 252
1 3 383
1 6 127
1 6 158
1 6 159
1 6 160
1 6 161
1 6 162
1 6 163
1 6 164
1 6 165
1 6 166
1 6 167
1 6 168
1 6 169
1 6 170
1 6 171
1 6 172
1 6 173
1 6 174
1 6 175
1 6 176
1 6 177
1 6 178
1 6 179
1 6 180
1 6 181
1 6 182
1 6 183
1 6 184
1 6 185
1 6 186
1 6 187
1 6 188
1 6 189
1 6 190
1 6 191
1 6 192
1 7 0
1 7 86
1 7 87
1 7 88
1 7 89
1 7 90
1 7 91
1 7 92
1 7 93
1 7 94
1 7 95
1 7 96
1 7 97
1 7 98
1 7 99
1 7 100
1 7 101
1 7 102
1 7 103
1 7 112
1 7 113
1 7 114
1 7 181
1 7 310
1 7 311
1 7 312
1 7 313
1 7 314
1 7 315
1 7 316
1 7 317
1 7 326
1 10 41
1 10 42
1 10 94
1 10 95
1 10 170
1 10 214
1 10 218
1 10 226
1 10 233
1 10 356
1 10 357
1 10 383
1 11 26
1 11 27
1 11 28
1 11 39
1 11 140
1 11 148
1 11 149
1 11 150
1 11 213
1 11 214
1 11 296
1 11 335
1 11 336
1 11 337
1 11 338
1 11 339
1 11 340
1 11 341
1 11 342
1 11 343
1 11 344
1 11 367
1 14 0
1 14 148
1 14 149
1 14 261
1 14 262
1 14 308
1 14 309
1 14 328
1 14 383
1 15 106
1 15 132
1 15 133
1 15 152
1 15 153
1 15 185
1 15 186
1 15 371
1 15 372
1 15 383
1 18 0
1 18 23
1 18 24
1 18 156
1 18 157
1 18 336
1 18 337
1 18 383
1 19 42
1 19 43
1 19 66
1 19 92
1 19 93
1 19 112
1 19 113
1 19 125
1 19 126
1 19 158
1 19 159
1 19 257
1 19 260
1 19 261
1 19 274
1 19 275
1 19 361
1 19 383
1 21 0
1 21 1
1 21 2
1 21 3
1 21 4
1 21 5
1 21 6
1 21 7
1 21 8
1 21 9
1 21 10
1 21 11
1 21 12
1 21 13
1 21 14
1 21 15
1 21 16
1 21 17
1 21 18
1 21 19
1 21 20
1 21 21
1 21 22
1 21 23
1 21 24
1 21 25
1 21 26
1 21 27
1 21 28
1 21 29
1 21 30
1 21 31
1 21 32
1 21 33
1 21 34
1 21 35
1 21 36
1 21 37
1 21 38
1 21 39
1 21 40
1 21 41
1 21 42
1 21 43
1 21 44
1 21 45
1 21 46
1 21 47
1 21 48
1 21 49
1 21 50
1 21 51
1 21 52
1 21 53
1 21 54
1 21 55
1 21 56
1 21 57
1 21 58
1 21 59
1 21 60
1 21 61
1 21 62
1 21 63
1 21 64
1 21 65
1 21 66
1 21 67
1 21 68
1 21 69
1 21 70
1 21 71
1 21 72
1 21 73
1 21 74
1 21 75
1 21 76
1 21 77
1 21 78
1 21 79
1 21 80
1 21 81
1 21 82
1 21 83
1 21 84
1 21 85
1 21 86
1 21 87
1 21 88
1 21 89
1 21 90
1 21 91
1 21 92
1 21 93
1 21 94
1 21 95
1 21 96
1 21 97
1 21 98
1 21 99
1 21 100
1 21 101
1 21 102
1 21 103
1 21 104
1 21 105
1 21 106
1 21 107
1 21 108
1 21 109
1 21 110
1 21 111
1 21 112
1 21 113
1 21 114
1 21 115
1 21 116
1 21 117
1 21 118
1 21 119
1 21 120
1 21 121
1 21 122
1 21 123
1 21 124
1 21 125
1 21 126
1 21 127
1 21 128
1 21 129
1 21 130
1 21 131
1 21 132
1 21 133
1 21 134
1 21 135
1 21 136
1 21 137
1 21 138
1 21 139
1 21 140
1 21 141
1 21 142
1 21 143
1 21 144
1 21 145
1 21 146
1 21 147
1 21 148
1 21 149
1 21 150
1 21 151
1 21 152
1 21 153
1 21 154
1 21 155
1 21 156
1 21 157
1 21 158
1 21 159
1 21 160
1 21 161
1 21 162
1 21 163
1 21 164
1 21 165
1 21 166
1 21 167
1 21 168
1 21 169
1 21 170
1 21 171
1 21 172
1 21 173
1 21 174
1 21 175
1 21 176
1 21 177
1 21 178
1 21 179
1 21 180
1 21 181
1 21 182
1 21 183
1 21 184
1 21 185
1 21 186
1 21 187
1 21 188
1 21 189
1 21 190
1 21 191
1 21 192
1 21 193
1 21 194
1 21 195
1 21 196
1 21 197
1 21 198
1 21 199
1 21 200
1 21 201
1 21 202
1 21 203
1 21 204
1 21 205
1 21 206
1 21 207
1 21 208
1 21 209
1 21 210
1 21 211
1 21 212
1 21 213
1 21 214
1 21 215
1 21 216
1 21 217
1 21 218
1 21 219
1 21 220
1 21 221
1 21 222
1 21 223
1 21 224
1 21 225
1 21 226
1 21 227
1 21 228
1 21 229
1 21 230
1 21 231
1 21 232
1 21 233
1 21 234
1 21 235
1 21 236
1 21 237
1 21 238
1 21 239
1 21 240
1 21 241
1 21 242
1 21 243
1 21 244
1 21 245
1 21 246
1 21 247
1 21 248
1 21 249
1 21 250
1 21 251
1 21 252
1 21 253
1 21 254
1 21 255
1 21 256
1 21 257
1 21 258
1 21 259
1 21 260
1 21 261
1 21 262
1 21 263
1 21 264
1 21 265
1 21 266
1 21 267
1 21 268
1 21 269
1 21 270
1 21 271
1 21 272
1 21 273
1 21 274
1 21 275
1 21 276
1 21 277
1 21 278
1 21 279
1 21 280
1 21 281
1 21 282
1 21 283
1 21 284
1 21 285
1 21 286
1 21 287
1 21 288
1 21 289
1 21 290
1 21 291
1 21 292
1 21 293
1 21 294
1 21 295
1 21 296
1 21 297
1 21 298
1 21 299
1 21 300
1 21 301
1 21 302
1 21 303
1 21 304
1 21 305
1 21 306
1 21 307
1 21 308
1 21 309
1 21 310
1 21 311
1 21 312
1 21 313
1 21 314
1 21 315
1 21 316
1 21 317
1 21 318
1 21 319
1 21 320
1 21 321
1 21 322
1 21 323
1 21 324
1 21 325
1 21 326
1 21 327
1 21 328
1 21 329
1 21 330
1 21 331
1 21 332
1 21 333
1 21 334
1 21 335
1 21 336
1 21 337
1 21 338
1 21 339
1 21 340
1 21 341
1 21 342
1 21 343
1 21 344
1 21 345
1 21 346
1 21 347
1 21 348
1 21 349
1 21 350
1 21 351
1 21 352
1 21 353
1 21 354
1 21 355
1 21 356
1 21 357
1 21 358
1 21 359
1 21 360
1 21 361
1 21 362
1 21 363
1 21 364
1 21 365
1 21 366
1 21 367
1 21 368
1 21 369
1 21 370
1 21 371
1 21 372
1 21 373
1 21 374
1 21 375
1 21 376
1 21 377
1 21 378
1 21 379
1 21 380
1 21 381
1 21 382
1 21 383
1 22 0
1 22 120
1 22 127
1 22 164
1 22 285
1 22 383
1 23 0
1 23 79
1 23 80
1 23 271
1 23 367
1 23 369
1 23 370
1 23 371
1 23 372
1 23 383
2 0 33
2 0 34
2 0 70
2 0 71
2 0 140
2 0 151
2 0 315
2 0 320
2 0 321
2 0 322
2 0 323
2 0 360
2 0 383
2 1 0
2 1 383
2 4 0
2 4 62
2 4 63
2 4 383
2 5 205
2 5 349
2 5 350
2 5 351
2 5 382
2 5 383
2 8 0
2 8 116
2 8 167
2 8 346
2 8 347
2 8 383
2 9 32
2 9 33
2 9 144
2 9 145
2 9 166
2 9 167
2 9 256
2 9 257
2 9 258
2 9 259
2 9 260
2 9 320
2 9 321
2 9 322
2 9 323
2 9 324
2 9 343
2 9 351
2 9 366
2 9 374
2 9 378
2 9 382
2 12 7
2 12 8
2 12 9
2 12 16
2 12 46
2 12 50
2 12 51
2 12 56
2 12 57
2 12 80
2 12 81
2 12 83
2 12 88
2 12 92
2 12 93
2 12 96
2 12 97
2 12 107
2 12 108
2 12 110
2 12 111
2 12 131
2 12 132
2 12 133
2 12 134
2 12 135
2 12 220
2 12 221
2 12 245
2 12 340
2 12 341
2 12 383
2 13 0
2 13 40
2 13 41
2 13 42
2 13 49
2 13 50
2 13 81
2 13 82
2 13 148
2 13 149
2 13 150
2 13 151
2 13 152
2 13 153
2 13 154
2 13 161
2 13 162
2 13 163
2 13 164
2 13 166
2 13 167
2 13 168
2 13 169
2 13 322
2 13 323
2 13 371
2 13 372
2 13 383
2 16 72
2 16 101
2 16 102
2 16 103
2 16 104
2 16 105
2 16 118
2 16 119
2 16 120
2 16 121
2 16 122
2 16 128
2 16 129
2 16 130
2 16 134
2 16 135
2 16 136
2 16 137
2 16 143
2 16 144
2 16 148
2 16 149
2 16 150
2 16 151
2 16 152
2 16 166
2 16 167
2 16 243
2 16 244
2 16 245
2 16 246
2 16 247
2 16 248
2 16 249
2 16 250
2 16 251
2 16 252
2 16 302
2 16 303
2 16 304
2 16 383
2 17 5
2 17 6
2 17 8
2 17 97
2 17 98
2 17 215
2 17 216
2 20 0
2 20 35
2 20 36
2 20 126
2 20 271
2 20 272
2 20 354
2 20 355
2 20 383
2 21 0
2 21 21
2 21 33
2 21 113
2 21 134
2 21 136
2 21 154
2 21 191
2 21 193
2 21 194
2 21 196
2 21 200
2 21 201
2 21 202
2 21 211
2 21 215
2 21 216
2 21 217
2 21 271
2 21 278
2 21 279
2 21 283
2 21 286
2 21 287
2 21 383
2 22 100
2 22 102
2 22 201
2 22 202
2 22 203
2 22 204
2 22 205
2 22 206
2 22 267
2 22 316
2 22 355
2 22 356
2 22 357
2 22 358
2 22 359
2 22 360
2 22 361
2 22 362
2 22 363
2 22 364
2 22 365
2 22 366
2 22 367
2 22 368
2 22 369
2 22 370
2 22 371
2 22 372
2 22 373
2 22 374
2 22 375
2 22 376
2 22 377
2 22 378
2 22 379
2 22 380
2 22 381
2 22 382
2 22 383
